5
44 26 29 54 26 
590 229 476 924 919 799 154 767 790 782 98 91 267 638 983 830 697 174 821 911 47 760 707 201 393 709 
637 323 117 430 463 844 557 980 8 584 280 8 905 726 834 222 600 584 132 727 681 523 512 7 618 326 
273 514 774 753 821 490 551 184 184 888 642 913 664 622 735 157 340 102 84 120 243 903 389 346 608 422 
162 503 770 457 166 962 722 111 728 282 512 338 995 720 236 296 416 783 588 109 508 768 45 802 208 693 
295 709 648 469 499 15 832 67 606 975 944 983 659 601 428 265 910 738 554 741 924 409 438 816 43 466 
404 137 966 911 83 929 275 93 268 864 79 804 82 382 796 687 615 1000 186 255 73 407 774 508 689 33 
13 632 640 396 306 81 656 817 986 341 180 414 269 403 550 681 120 836 341 288 129 707 822 339 506 116 
52 678 451 797 716 196 802 262 911 37 28 149 802 978 130 231 264 916 86 873 555 624 338 194 868 118 
486 720 689 886 313 258 347 699 919 594 640 118 368 67 17 137 687 613 294 824 958 695 11 703 213 227 
770 919 89 261 933 282 583 381 479 999 321 66 580 403 999 509 225 960 567 532 306 857 161 739 246 577 
500 588 956 217 495 463 773 238 863 782 718 209 223 677 508 950 800 304 642 665 833 639 187 336 448 802 
23 174 435 75 235 146 216 834 812 561 581 552 4 352 798 548 783 36 775 19 555 625 477 228 733 301 
572 646 1000 320 979 337 545 845 750 508 675 106 207 956 555 257 676 653 192 159 281 369 244 931 813 788 
429 556 342 661 175 158 771 407 319 293 537 353 950 701 319 830 838 817 515 679 487 870 221 274 135 85 
557 350 334 164 741 251 158 317 796 693 152 253 81 405 538 869 557 288 746 855 519 307 218 9 998 612 
990 97 7 271 259 826 606 315 43 159 535 984 746 394 603 768 330 12 354 486 438 190 828 792 253 521 
514 46 318 429 801 913 746 574 154 28 973 743 890 765 390 620 700 458 122 789 781 612 729 389 326 837 
552 959 795 490 344 144 9 104 88 337 837 609 780 586 33 348 479 806 718 897 551 655 436 275 152 692 
508 911 530 454 679 424 717 652 268 986 665 993 38 90 969 46 465 759 2 115 438 202 460 399 192 14 
388 454 526 534 987 306 362 52 149 96 294 889 161 849 616 871 383 937 607 628 442 701 51 773 51 840 
559 798 729 464 312 81 262 483 521 195 971 480 880 52 99 158 278 603 803 608 387 547 777 986 388 113 
333 973 368 416 465 133 757 470 182 366 42 510 969 968 49 368 122 270 884 703 152 102 740 522 833 455 
356 610 542 256 723 475 321 277 469 867 494 526 363 638 494 585 487 149 281 479 915 218 860 296 895 324 
788 136 303 517 296 372 892 329 644 526 783 781 556 3 103 415 642 701 911 959 726 964 71 79 341 698 
788 429 754 857 986 53 51 859 928 10 45 903 304 154 2 84 956 931 853 487 277 278 153 355 320 779 
317 324 42 693 1000 363 199 251 313 493 677 582 759 276 104 551 182 513 390 729 238 529 419 428 669 118 
176 255 841 142 808 705 647 360 270 331 697 458 73 12 562 887 236 9 634 240 235 869 375 706 719 49 
170 908 926 620 257 428 788 511 319 641 156 319 561 451 856 625 695 639 441 884 823 490 847 799 492 642 
700 272 266 776 323 225 315 544 300 75 999 200 577 616 670 48 268 167 435 136 783 868 672 419 669 424 
412 477 889 281 593 489 828 842 121 874 854 949 705 5 662 334 406 170 407 170 661 156 153 572 444 937 
71 711 900 53 114 994 794 526 137 664 678 86 711 262 87 307 991 697 458 874 14 218 106 80 798 90 
960 336 832 299 122 314 423 110 267 107 987 773 663 215 301 86 908 954 464 730 516 639 905 891 143 228 
930 741 731 417 576 344 90 212 960 366 699 318 947 187 988 359 44 766 148 913 272 378 635 553 61 444 
433 97 43 985 201 109 171 11 923 800 20 813 870 250 964 763 100 239 373 211 139 335 442 128 872 500 
197 750 696 182 193 359 563 773 865 929 284 501 698 634 577 297 17 701 562 132 546 561 939 218 90 737 
936 987 871 833 280 660 556 307 505 511 763 362 899 906 58 331 219 624 550 236 597 832 963 693 732 719 
920 745 484 676 300 464 55 135 693 626 823 787 327 557 655 979 978 78 596 251 454 260 794 203 673 466 
886 615 290 596 95 724 134 471 302 827 397 414 155 334 565 316 96 309 606 81 283 483 98 834 527 728 
211 590 49 15 31 650 374 343 983 653 580 829 257 333 695 12 667 342 859 379 963 744 797 169 739 288 
587 561 653 234 828 581 230 164 358 100 584 132 702 18 279 328 214 468 29 437 173 337 100 346 151 225 
54 175 23 737 9 780 177 512 516 70 451 811 627 357 436 128 304 826 704 898 557 59 36 653 701 921 
393 820 116 62 509 65 872 473 861 959 108 484 421 607 300 331 619 664 37 872 300 892 804 671 114 302 
231 835 919 629 323 446 57 708 280 311 742 240 987 406 192 224 547 920 138 715 546 41 775 461 692 679 
142 394 693 942 416 468 924 40 725 77 269 424 588 684 834 60 109 582 749 487 338 714 326 557 714 509 
316 509 225 927 764 189 192 946 695 261 220 446 484 634 875 884 804 982 742 284 205 484 211 329 349 528 330 717 448 
515 70 821 885 970 9 264 179 275 649 209 984 855 761 802 345 904 929 304 238 863 585 712 423 724 807 182 972 269 
372 932 79 358 688 519 231 491 795 68 781 269 338 665 621 47 480 303 193 316 35 221 109 160 491 27 641 20 863 
142 400 614 284 179 735 461 558 952 657 662 651 284 705 695 640 877 136 689 893 912 564 111 139 805 59 277 722 101 
271 566 718 684 204 29 279 430 765 61 208 816 311 727 439 751 542 639 330 487 328 219 552 831 502 439 218 683 698 
736 804 622 956 203 329 837 726 976 376 832 896 984 365 110 282 740 307 554 798 192 366 618 430 606 576 157 18 840 
668 709 166 332 559 434 460 848 246 141 222 995 558 835 12 987 444 524 456 691 351 717 823 286 268 559 845 772 191 
455 771 665 15 543 775 867 78 213 18 295 504 719 597 958 830 857 490 621 880 933 686 963 477 946 285 52 911 618 
23 558 723 322 810 73 785 870 14 636 389 882 870 794 177 737 922 384 348 893 535 486 167 251 200 573 242 446 955 
33 283 789 2 306 966 426 320 103 844 719 45 474 414 585 551 483 343 938 424 962 381 434 513 227 784 260 213 554 
925 988 490 600 225 536 821 600 518 526 733 130 937 977 915 436 534 244 440 542 393 957 719 8 171 67 770 584 257 
916 537 307 753 544 626 171 589 326 597 550 519 916 207 118 500 734 366 429 942 490 841 263 120 796 689 467 497 533 
955 612 998 446 605 413 438 961 136 911 529 516 357 378 665 914 669 253 737 21 607 732 142 23 901 836 663 443 361 
893 986 157 66 97 326 745 971 166 364 723 399 554 636 302 125 894 822 512 849 835 683 167 18 791 630 969 897 180 
287 547 390 550 403 640 695 425 12 465 719 427 991 579 875 616 171 85 153 874 711 938 201 453 237 106 525 679 388 
240 754 358 754 247 934 67 211 197 672 702 270 253 222 483 137 972 845 799 520 949 886 796 765 236 487 625 335 247 
668 294 579 544 779 228 700 99 28 261 203 20 19 85 788 409 120 523 521 199 847 421 153 936 303 638 879 511 572 
498 833 641 955 844 139 693 488 576 585 156 353 646 86 264 911 48 610 618 134 697 537 529 343 208 91 873 600 556 
693 964 235 209 898 770 563 220 76 969 569 841 793 156 115 547 284 15 787 421 63 189 660 587 955 324 119 695 875 
380 854 764 952 995 769 682 628 244 560 306 6 992 106 887 730 109 31 869 936 635 790 244 660 639 735 956 485 710 
947 62 679 194 600 226 764 725 497 987 824 895 103 774 749 989 374 931 79 381 218 20 942 754 413 490 869 947 136 
491 867 541 388 383 997 305 697 315 258 962 294 751 257 461 154 611 147 823 415 492 960 713 93 949 312 834 319 221 
335 818 221 469 602 967 558 677 513 178 734 593 485 174 189 764 305 603 211 168 652 15 488 108 392 218 819 736 735 
595 141 654 504 771 932 141 627 10 610 512 835 292 618 372 206 607 389 254 556 328 546 81 464 450 250 958 555 738 
669 948 726 506 315 456 200 103 636 376 995 692 900 37 682 873 656 427 304 779 619 53 276 833 238 293 127 66 132 
828 120 429 364 611 146 336 681 893 457 392 325 193 630 227 296 186 651 365 779 643 274 824 896 928 394 242 222 399 
957 799 888 162 136 382 176 412 428 175 468 467 573 731 790 247 607 288 714 818 155 50 397 851 237 991 445 462 564 615 106 193 347 526 833 31 617 650 58 117 586 976 613 666 884 760 838 775 247 264 485 707 664 571 
648 933 448 511 40 894 167 582 514 226 590 771 960 287 241 618 290 983 751 583 482 482 159 876 608 767 367 286 844 626 453 449 524 864 485 816 417 261 584 854 277 769 356 732 838 204 925 407 130 276 42 676 834 218 
625 561 310 378 631 359 604 509 136 403 78 769 410 292 893 523 347 251 754 329 917 290 907 908 458 955 220 760 802 806 193 215 877 564 329 137 40 1 485 335 891 843 299 171 969 595 953 393 487 83 332 9 865 578 
605 516 625 685 574 672 254 575 46 678 857 304 87 428 200 580 561 335 5 851 959 312 626 722 277 202 840 127 937 726 246 406 581 419 671 655 401 480 628 43 676 521 786 400 663 80 617 449 791 100 24 490 238 232 
248 137 259 51 194 838 900 489 340 577 763 963 351 91 683 203 172 612 22 434 447 640 670 21 228 431 349 525 487 59 861 316 94 887 740 323 874 693 189 795 521 437 715 566 57 832 376 61 792 798 149 217 203 627 
669 119 859 773 444 562 55 926 70 342 842 89 452 897 228 640 76 158 803 25 754 751 256 492 87 317 819 734 699 909 826 77 292 628 798 537 113 874 527 911 395 770 722 787 740 452 95 188 393 16 946 966 90 770 
679 488 780 986 962 556 207 534 135 17 534 771 487 736 191 124 848 725 205 683 16 112 140 496 183 980 991 794 110 429 525 437 686 606 205 648 882 888 975 895 253 839 123 38 702 920 251 365 392 458 55 691 776 476 
979 91 835 41 416 847 768 531 915 666 665 631 751 151 271 349 602 346 323 449 132 806 312 402 730 429 548 107 539 82 854 734 543 775 241 654 310 849 253 919 558 646 386 226 165 840 96 390 1000 549 40 190 791 593 
893 84 207 118 569 549 743 622 376 517 244 818 294 576 656 752 728 868 156 360 129 436 754 684 212 190 278 991 193 844 171 796 451 559 233 656 265 616 413 507 709 386 329 997 188 269 44 292 289 129 448 69 988 961 
244 886 690 883 384 749 816 137 245 371 678 352 550 140 819 27 160 65 314 203 844 507 740 825 611 970 930 46 93 571 393 270 840 16 191 953 572 458 291 308 889 272 402 781 469 700 879 257 902 92 827 165 530 69 
355 28 103 314 5 607 214 354 192 933 622 791 233 355 446 467 834 166 661 368 819 726 896 841 320 967 721 945 905 731 453 852 511 377 200 393 461 742 439 401 417 515 278 713 354 559 81 581 351 868 654 9 20 588 
976 180 694 27 935 662 844 800 368 54 203 504 303 663 112 103 660 680 4 9 260 199 293 11 821 365 30 908 511 834 106 401 89 438 856 842 955 431 730 313 867 938 417 649 316 38 864 227 384 300 231 535 598 935 
584 263 50 153 798 667 736 658 348 686 908 108 558 219 11 464 87 925 120 693 909 802 626 947 339 854 106 650 299 97 42 868 941 670 683 219 985 212 784 249 818 886 578 246 89 476 649 201 543 467 247 120 62 733 
147 788 488 744 95 66 549 485 956 732 128 591 146 656 298 49 275 560 498 843 843 895 309 235 703 182 81 317 911 858 867 919 894 150 301 341 454 462 696 539 222 796 546 895 974 842 327 97 544 690 351 703 763 731 
567 565 976 782 744 974 618 196 418 567 309 122 521 25 832 886 356 216 219 481 817 449 960 149 62 68 350 839 967 821 668 793 311 329 501 248 937 977 54 291 310 963 689 522 333 720 183 402 740 276 804 984 411 409 
446 803 350 266 232 455 434 213 343 51 63 471 911 531 170 697 343 445 531 541 834 267 15 494 26 148 484 756 700 211 301 489 783 286 715 226 674 459 974 512 751 193 822 701 278 964 389 672 385 660 254 501 951 345 
749 723 125 470 159 356 245 339 752 971 781 536 211 707 88 944 537 616 692 318 943 334 607 205 623 45 899 111 910 186 761 839 742 734 14 253 15 130 116 638 169 626 532 343 965 875 146 70 929 514 435 103 612 405 
619 383 680 745 351 562 324 643 732 703 37 420 253 500 197 182 700 443 193 104 511 830 517 480 623 359 600 183 147 929 849 318 942 291 486 862 373 60 446 908 710 501 536 592 60 589 252 112 665 425 405 905 756 957 
881 887 345 451 477 791 70 573 138 602 904 285 131 270 859 31 579 800 114 991 391 415 236 236 639 355 751 51 965 336 387 737 529 362 27 690 773 620 839 971 974 805 539 199 680 31 378 489 580 99 890 889 422 810 
962 620 865 514 427 801 733 30 960 472 138 779 211 325 794 919 99 131 126 378 636 152 602 294 403 780 578 923 208 398 196 858 590 782 723 752 61 611 664 616 666 650 193 396 201 114 516 33 925 324 313 457 88 899 
642 441 751 768 202 42 709 61 475 227 736 124 368 774 546 53 258 354 44 627 780 21 610 97 884 429 609 262 798 875 253 35 694 441 764 322 809 451 262 418 627 112 753 201 471 985 311 888 217 359 573 316 931 501 
97 205 341 147 332 349 255 923 664 257 957 400 502 177 826 636 92 994 623 611 1 539 978 710 796 197 2 856 683 485 144 278 216 247 3 691 742 342 261 495 281 835 641 477 465 299 753 781 181 594 881 442 868 633 
874 972 913 158 602 818 183 137 697 950 651 338 472 918 936 136 763 560 975 558 45 191 197 501 636 753 446 364 669 858 353 50 358 639 500 968 208 403 487 824 618 235 991 148 658 884 605 138 711 722 430 451 645 517 
828 738 948 896 778 289 88 583 160 89 682 395 849 898 360 222 687 679 340 339 969 929 76 712 60 884 786 902 467 439 103 430 321 214 427 271 423 89 576 975 242 720 53 421 710 823 193 529 229 43 586 356 723 442 
16 897 302 184 595 928 703 211 291 649 819 586 805 950 125 158 374 341 143 398 622 522 618 643 228 708 765 941 496 533 578 55 589 174 50 487 664 887 928 33 99 902 875 515 361 815 841 802 921 602 577 9 187 90 
247 315 16 535 502 160 661 377 510 754 957 558 925 852 289 943 533 88 658 298 936 150 306 310 840 852 146 868 469 748 484 4 969 294 367 615 375 967 324 878 905 367 641 915 853 333 502 153 889 911 695 856 15 372 
581 863 795 644 969 731 864 106 371 153 215 4 699 838 705 86 388 210 502 684 942 930 720 692 893 420 735 142 359 760 738 393 762 945 362 271 710 552 82 224 978 183 71 552 379 964 409 321 805 655 754 707 882 735 
431 876 323 369 575 532 860 803 173 739 311 310 658 184 769 637 314 789 887 706 692 709 649 187 878 56 557 138 995 857 419 800 373 654 48 459 572 84 418 628 507 735 498 953 428 874 15 69 569 809 312 892 845 970 
711 403 381 112 359 208 717 423 972 770 41 385 863 742 968 872 514 12 372 315 82 715 922 382 183 195 935 457 144 536 34 867 942 446 67 789 47 336 856 430 644 100 448 329 443 58 338 976 985 569 119 610 20 132 
714 443 718 643 870 559 190 616 154 656 780 241 766 684 909 507 724 410 37 430 156 849 636 349 735 385 
319 859 356 491 344 123 198 21 979 237 704 651 689 372 694 583 27 853 668 649 767 186 205 839 1000 479 
27 453 27 351 852 10 469 330 211 388 188 999 671 82 410 851 32 293 915 42 89 111 736 634 992 44 
262 227 88 859 623 78 849 802 546 393 947 966 242 465 931 827 966 925 835 884 705 95 188 537 110 747 
61 154 107 189 115 472 24 490 648 505 155 529 304 110 515 322 367 512 365 135 734 74 184 448 216 791 
109 796 269 445 272 824 483 206 863 694 96 468 912 509 265 389 833 142 700 724 350 355 13 932 265 657 
450 394 247 268 451 413 271 446 121 102 189 918 261 92 459 349 838 182 839 651 31 346 313 688 546 227 
722 748 376 436 495 690 49 363 594 191 1000 316 895 15 176 150 186 5 948 756 131 691 276 610 95 220 
600 973 267 28 368 141 130 438 242 575 924 303 581 601 29 718 239 999 799 560 171 387 755 810 41 368 
159 572 407 402 222 222 841 290 343 193 694 110 159 495 688 163 272 915 357 684 647 239 773 177 245 89 
993 52 909 378 731 310 921 586 515 357 560 401 266 244 342 471 88 501 186 249 738 714 267 104 992 524 
868 341 394 65 935 407 695 489 946 137 888 441 285 495 764 313 507 734 248 936 428 121 732 702 709 951 
788 310 790 213 397 721 561 679 346 755 39 722 189 150 783 157 643 817 567 249 422 48 311 544 248 267 
142 546 413 492 449 479 499 913 313 76 495 95 297 433 738 239 51 24 293 825 67 662 322 711 192 699 
831 984 491 956 842 934 657 199 837 697 792 863 60 731 509 540 366 917 475 753 883 419 602 453 373 728 
465 685 828 428 309 372 837 546 623 619 964 684 184 24 936 855 297 835 113 79 168 491 727 727 378 437 
27 22 226 639 475 961 629 68 365 721 630 944 771 149 171 996 580 105 456 182 694 847 659 180 972 481 
880 342 486 687 497 535 179 624 754 741 752 370 439 159 25 207 672 351 427 430 609 861 332 637 972 856 
526 620 735 153 1000 190 226 378 293 132 276 702 304 848 29 100 167 552 236 714 132 778 293 69 86 593 
215 481 779 282 390 14 201 750 925 195 811 339 305 836 910 681 226 622 19 914 331 838 748 463 824 241 
143 401 383 929 124 748 283 869 849 174 819 801 241 506 5 466 402 187 249 907 297 920 56 657 741 247 
3 119 9 216 157 321 794 905 25 319 551 337 905 496 393 828 937 501 435 750 185 263 930 394 436 207 
437 398 2 251 846 374 342 276 296 849 769 676 288 608 95 578 293 406 837 574 283 481 307 704 488 527 
385 221 116 106 341 633 375 471 408 328 739 821 423 200 125 730 933 810 316 703 477 987 584 699 632 609 
374 231 249 663 106 670 427 643 38 82 190 770 354 846 128 723 85 865 794 551 416 196 447 480 750 509 
906 224 444 642 436 824 820 470 898 535 928 242 782 18 861 466 456 870 860 353 112 787 38 291 100 121 
522 86 941 31 429 723 460 483 188 609 374 490 413 746 124 119 587 513 876 545 125 500 535 138 333 612 
316 50 647 938 851 562 24 826 827 915 105 249 664 949 981 860 221 565 148 606 124 345 354 161 751 484 
876 153 31 291 987 654 17 68 217 54 918 328 853 459 287 350 789 765 376 754 565 399 297 217 428 622 
547 610 416 780 971 469 970 234 461 264 507 305 984 464 400 812 921 874 961 595 137 55 82 84 279 575 
830 634 45 46 650 655 277 44 683 261 734 399 305 868 890 777 872 9 456 632 61 23 585 731 399 542 
590 36 119 147 538 330 593 136 294 151 10 613 53 638 823 279 510 374 357 992 719 941 616 37 833 45 
97 664 957 206 374 540 506 600 85 599 582 7 679 460 324 353 452 43 760 883 194 190 671 768 228 965 
839 962 352 211 741 954 799 439 355 234 622 419 208 447 868 885 354 997 342 706 293 509 214 320 300 190 
454 182 517 328 186 104 537 879 758 592 457 145 218 728 354 465 234 315 579 775 84 468 877 358 856 583 
515 296 228 880 779 277 556 14 44 990 725 877 190 877 79 2 45 356 330 446 194 957 333 374 893 968 
902 225 49 533 399 674 440 714 260 952 217 300 397 487 392 251 797 304 955 556 56 336 825 318 477 807 
587 462 371 524 873 468 181 750 721 30 884 13 90 570 707 194 273 171 284 992 950 118 30 61 792 241 
917 791 945 980 764 435 486 21 317 824 647 395 357 822 419 422 176 735 964 767 527 707 521 332 746 53 
248 415 363 928 411 56 527 526 29 868 140 535 955 862 711 849 629 167 1 959 634 549 480 256 995 478 
724 376 123 963 535 33 53 567 699 65 592 580 846 614 971 964 547 551 849 878 710 904 150 370 640 196 
925 670 781 989 286 774 145 27 164 433 795 322 576 230 283 276 188 199 724 471 753 381 608 574 337 359 
186 8 440 111 924 372 404 471 615 82 737 424 535 924 741 580 988 294 723 934 258 725 133 951 534 266 
505 730 931 412 604 650 226 967 63 414 302 839 306 848 3 469 680 190 12 287 445 345 72 114 778 752 
87 257 936 901 429 599 945 131 819 826 433 475 230 727 951 1000 62 617 203 334 727 461 752 826 416 195 
232 651 315 938 334 92 523 59 484 860 176 839 83 357 853 461 549 423 70 16 886 171 964 386 169 963 
527 25 486 529 160 153 561 528 672 585 719 414 932 58 792 161 686 154 744 611 531 262 401 692 650 397 
862 782 574 301 717 268 793 680 108 166 581 330 728 725 605 78 872 406 843 156 209 598 851 990 92 996 
379 254 109 755 857 158 168 861 297 696 955 214 120 763 102 645 225 363 320 473 632 947 39 60 138 434 
195 370 984 190 1000 218 211 60 25 592 925 236 526 345 598 961 260 461 57 900 963 226 412 999 275 28 
302 434 327 846 136 207 462 660 999 972 921 934 958 942 879 75 331 426 361 717 18 338 631 21 944 611 
949 597 848 996 587 79 809 512 215 797 512 642 879 113 979 801 142 558 91 665 562 570 658 600 784 848 
777 983 634 387 654 260 129 454 966 171 76 101 329 451 926 811 246 61 895 461 752 542 231 572 72 85 
342 341 889 266 303 26 769 738 511 40 831 488 843 257 467 197 946 805 613 835 939 847 587 749 172 589 
